ParticipantNumber; Nurse; Click Counter; Left Handed; Assistance Activated; Controller Position; Pointer Position; Camera Position; Target Position; Calibration Point Position 1; Calibration Point Position 2; Calibration Point Position 3; Calibration Point Position 4; Calibration Point Position 5; Calibration Point Position 6; Syringe angle x; Syringe angle y; Syringe angle z; Angle Offset X ; Angle Offset Y ; Distance b/w Syringe and Insert position; Is Inside; Selection Collider; Recorder Collider; Total Time; Time Seconds; Time Milliseconds; 
1;False;1;False;True;(0.21, 0.97, 0.81);(0.19, 0.86, 0.94);(-0.08, 1.07, 0.60);(0.19, 0.85, 0.94);(0.22, 0.98, 1.08);(0.17, 0.98, 1.10);(0.20, 0.89, 0.94);(0.15, 0.88, 0.97);(0.19, 0.86, 0.74);(0.16, 0.85, 0.76);43.2493;348.5849;198.1603;7.249302;0.7349243;0.004392368;True;(0.19, 0.85, 1.44);(0.19, 0.85, 0.94);40.02;40.02;40020
1;False;2;False;True;(0.20, 0.95, 0.80);(0.19, 0.85, 0.94);(-0.08, 1.07, 0.61);(0.19, 0.85, 0.94);(0.22, 0.98, 1.08);(0.17, 0.98, 1.10);(0.20, 0.89, 0.94);(0.15, 0.88, 0.97);(0.19, 0.86, 0.74);(0.16, 0.85, 0.76);37.64281;352.5993;208.6917;1.642807;4.749268;0.0006849103;True;(0.19, 0.85, 1.44);(0.19, 0.85, 0.94);63.92;23.9;23900
1;False;3;False;True;(0.20, 0.95, 0.79);(0.19, 0.85, 0.94);(-0.10, 1.06, 0.60);(0.19, 0.85, 0.94);(0.22, 0.98, 1.08);(0.17, 0.98, 1.10);(0.20, 0.89, 0.94);(0.15, 0.88, 0.97);(0.19, 0.86, 0.74);(0.16, 0.85, 0.76);35.23408;355.6602;214.5369;-0.7659225;7.810181;0.0005891906;True;(0.19, 0.85, 1.44);(0.19, 0.85, 0.94);74.18;10.26;10260
1;False;4;False;True;(0.20, 0.96, 0.80);(0.19, 0.85, 0.94);(-0.14, 1.07, 0.59);(0.19, 0.85, 0.94);(0.22, 0.98, 1.08);(0.17, 0.98, 1.10);(0.20, 0.89, 0.94);(0.15, 0.88, 0.97);(0.19, 0.86, 0.74);(0.16, 0.85, 0.76);39.03076;352.8224;211.2213;3.030762;4.972351;0.0008206099;True;(0.19, 0.85, 1.44);(0.19, 0.85, 0.94);88.82;14.64;14640
1;False;5;False;True;(0.20, 0.96, 0.80);(0.19, 0.85, 0.94);(-0.12, 1.08, 0.59);(0.19, 0.85, 0.94);(0.22, 0.98, 1.08);(0.17, 0.98, 1.10);(0.20, 0.89, 0.94);(0.15, 0.88, 0.97);(0.19, 0.86, 0.74);(0.16, 0.85, 0.76);38.96188;352.9783;206.3561;2.96188;5.128265;0.0009866033;True;(0.19, 0.85, 1.44);(0.19, 0.85, 0.94);92.8;3.979996;3979.996
1;False;6;False;True;(0.19, 0.95, 0.80);(0.19, 0.85, 0.94);(-0.11, 1.07, 0.59);(0.19, 0.85, 0.94);(0.22, 0.98, 1.08);(0.17, 0.98, 1.10);(0.20, 0.89, 0.94);(0.15, 0.88, 0.97);(0.19, 0.86, 0.74);(0.16, 0.85, 0.76);37.54057;358.7646;211.5326;1.540573;10.91461;0.001191765;True;(0.19, 0.85, 1.44);(0.19, 0.85, 0.94);102;9.200005;9200.005
1;False;7;False;True;(0.20, 0.95, 0.80);(0.19, 0.85, 0.94);(-0.09, 1.08, 0.59);(0.19, 0.85, 0.94);(0.22, 0.98, 1.08);(0.17, 0.98, 1.10);(0.20, 0.89, 0.94);(0.15, 0.88, 0.97);(0.19, 0.86, 0.74);(0.16, 0.85, 0.76);37.27121;352.8013;202.1429;1.27121;4.951294;0.001380462;True;(0.19, 0.85, 1.44);(0.19, 0.85, 0.94);112.14;10.14;10140
1;False;8;False;True;(0.20, 0.95, 0.80);(0.19, 0.85, 0.94);(-0.08, 1.09, 0.59);(0.19, 0.85, 0.94);(0.22, 0.98, 1.08);(0.17, 0.98, 1.10);(0.20, 0.89, 0.94);(0.15, 0.88, 0.97);(0.19, 0.86, 0.74);(0.16, 0.85, 0.76);36.49417;353.405;202.715;0.4941711;5.554993;0.001388395;True;(0.19, 0.85, 1.44);(0.19, 0.85, 0.94);119.92;7.779999;7779.999
1;False;9;False;True;(0.21, 0.94, 0.79);(0.19, 0.85, 0.94);(-0.06, 1.09, 0.60);(0.19, 0.85, 0.94);(0.22, 0.98, 1.08);(0.17, 0.98, 1.10);(0.20, 0.89, 0.94);(0.15, 0.88, 0.97);(0.19, 0.86, 0.74);(0.16, 0.85, 0.76);34.03125;351.5826;200.0871;-1.96875;3.732574;0.0008632625;True;(0.19, 0.85, 1.44);(0.19, 0.85, 0.94);124.64;4.720001;4720.001
1;False;10;False;True;(0.20, 0.95, 0.80);(0.18, 0.85, 0.94);(-0.07, 1.09, 0.60);(0.19, 0.85, 0.94);(0.22, 0.98, 1.08);(0.17, 0.98, 1.10);(0.20, 0.89, 0.94);(0.15, 0.88, 0.97);(0.19, 0.86, 0.74);(0.16, 0.85, 0.76);36.69266;351.0847;199.17;0.6926575;3.23468;0.003970913;True;(0.19, 0.85, 1.44);(0.19, 0.85, 0.94);131.06;6.419998;6419.998
1;False;11;False;True;(0.20, 0.95, 0.80);(0.19, 0.85, 0.94);(-0.06, 1.08, 0.60);(0.19, 0.85, 0.94);(0.22, 0.98, 1.08);(0.17, 0.98, 1.10);(0.20, 0.89, 0.94);(0.15, 0.88, 0.97);(0.19, 0.86, 0.74);(0.16, 0.85, 0.76);35.87225;353.0491;199.3609;-0.1277466;5.199127;0.0005495525;True;(0.19, 0.85, 1.44);(0.19, 0.85, 0.94);136.08;5.020004;5020.004
1;False;12;False;True;(0.20, 0.95, 0.80);(0.19, 0.86, 0.94);(-0.06, 1.08, 0.60);(0.19, 0.85, 0.94);(0.22, 0.98, 1.08);(0.17, 0.98, 1.10);(0.20, 0.89, 0.94);(0.15, 0.88, 0.97);(0.19, 0.86, 0.74);(0.16, 0.85, 0.76);35.39606;354.5661;201.9431;-0.6039391;6.716125;0.001292455;True;(0.19, 0.85, 1.44);(0.19, 0.85, 0.94);141.46;5.37999;5379.99
1;False;13;False;True;(0.20, 0.95, 0.80);(0.19, 0.85, 0.94);(-0.06, 1.08, 0.60);(0.19, 0.85, 0.94);(0.22, 0.98, 1.08);(0.17, 0.98, 1.10);(0.20, 0.89, 0.94);(0.15, 0.88, 0.97);(0.19, 0.86, 0.74);(0.16, 0.85, 0.76);35.93298;353.294;200.5518;-0.06702042;5.44397;0.002391096;True;(0.19, 0.85, 1.44);(0.19, 0.85, 0.94);145.84;4.380005;4380.005
1;False;14;False;True;(0.20, 0.95, 0.79);(0.19, 0.85, 0.94);(-0.06, 1.08, 0.59);(0.19, 0.85, 0.94);(0.22, 0.98, 1.08);(0.17, 0.98, 1.10);(0.20, 0.89, 0.94);(0.15, 0.88, 0.97);(0.19, 0.86, 0.74);(0.16, 0.85, 0.76);35.10468;354.8337;202.2684;-0.8953209;6.983673;0.0008969969;True;(0.19, 0.85, 1.44);(0.19, 0.85, 0.94);151.7;5.860001;5860
1;False;15;False;True;(0.20, 0.95, 0.79);(0.19, 0.85, 0.94);(-0.07, 1.09, 0.59);(0.19, 0.85, 0.94);(0.22, 0.98, 1.08);(0.17, 0.98, 1.10);(0.20, 0.89, 0.94);(0.15, 0.88, 0.97);(0.19, 0.86, 0.74);(0.16, 0.85, 0.76);34.99856;354.9682;205.6693;-1.001442;7.118225;0.001559832;True;(0.19, 0.85, 1.44);(0.19, 0.85, 0.94);157.66;5.960007;5960.007
1;False;16;False;True;(0.18, 0.95, 0.80);(0.19, 0.86, 0.94);(-0.11, 1.09, 0.60);(0.19, 0.85, 0.94);(0.22, 0.98, 1.08);(0.17, 0.98, 1.10);(0.20, 0.89, 0.94);(0.15, 0.88, 0.97);(0.19, 0.86, 0.74);(0.16, 0.85, 0.76);37.38086;2.30348;236.4909;1.380856;14.45348;0.001814483;True;(0.19, 0.85, 1.44);(0.19, 0.85, 0.94);171.2;13.53999;13539.99
1;False;17;False;True;(0.20, 0.95, 0.79);(0.19, 0.85, 0.94);(-0.08, 1.07, 0.61);(0.19, 0.85, 0.94);(0.22, 0.98, 1.08);(0.17, 0.98, 1.10);(0.20, 0.89, 0.94);(0.15, 0.88, 0.97);(0.19, 0.86, 0.74);(0.16, 0.85, 0.76);34.8324;355.7459;225.4066;-1.167599;7.895935;0.001002302;True;(0.19, 0.85, 1.44);(0.19, 0.85, 0.94);175.78;4.580002;4580.002
1;False;18;False;True;(0.21, 0.95, 0.80);(0.19, 0.85, 0.94);(-0.09, 1.09, 0.58);(0.19, 0.85, 0.94);(0.22, 0.98, 1.08);(0.17, 0.98, 1.10);(0.20, 0.89, 0.94);(0.15, 0.88, 0.97);(0.19, 0.86, 0.74);(0.16, 0.85, 0.76);37.33981;351.2907;238.6849;1.339806;3.440735;0.001950348;True;(0.19, 0.85, 1.44);(0.19, 0.85, 0.94);182.24;6.459991;6459.991
1;False;19;False;True;(0.20, 0.95, 0.80);(0.19, 0.86, 0.94);(-0.07, 1.09, 0.58);(0.19, 0.85, 0.94);(0.22, 0.98, 1.08);(0.17, 0.98, 1.10);(0.20, 0.89, 0.94);(0.15, 0.88, 0.97);(0.19, 0.86, 0.74);(0.16, 0.85, 0.76);35.23653;354.3296;211.0747;-0.7634697;6.479553;0.001828013;True;(0.19, 0.85, 1.44);(0.19, 0.85, 0.94);188.74;6.5;6500
1;False;20;False;True;(0.20, 0.96, 0.80);(0.19, 0.86, 0.94);(-0.06, 1.11, 0.68);(0.19, 0.85, 0.94);(0.22, 0.98, 1.08);(0.17, 0.98, 1.10);(0.20, 0.89, 0.94);(0.15, 0.88, 0.97);(0.19, 0.86, 0.74);(0.16, 0.85, 0.76);37.48293;352.0971;181.5117;1.482929;4.247131;0.003120527;True;(0.19, 0.85, 1.44);(0.19, 0.85, 0.94);202.24;13.5;13500
1;False;21;False;True;(0.20, 0.95, 0.80);(0.18, 0.86, 0.94);(-0.09, 1.09, 0.63);(0.19, 0.85, 0.94);(0.22, 0.98, 1.08);(0.17, 0.98, 1.10);(0.20, 0.89, 0.94);(0.15, 0.88, 0.97);(0.19, 0.86, 0.74);(0.16, 0.85, 0.76);37.4556;354.6453;205.5838;1.455597;6.795319;0.003253081;True;(0.19, 0.85, 1.44);(0.19, 0.85, 0.94);214.32;12.08;12080
1;False;22;False;True;(0.19, 0.95, 0.80);(0.18, 0.85, 0.94);(-0.09, 1.09, 0.63);(0.19, 0.85, 0.94);(0.22, 0.98, 1.08);(0.17, 0.98, 1.10);(0.20, 0.89, 0.94);(0.15, 0.88, 0.97);(0.19, 0.86, 0.74);(0.16, 0.85, 0.76);36.98842;355.0968;204.4607;0.9884224;7.246765;0.003073309;True;(0.19, 0.85, 1.44);(0.19, 0.85, 0.94);222.26;7.940002;7940.002
1;False;23;False;True;(0.20, 0.95, 0.80);(0.19, 0.85, 0.94);(-0.08, 1.09, 0.63);(0.19, 0.85, 0.94);(0.22, 0.98, 1.08);(0.17, 0.98, 1.10);(0.20, 0.89, 0.94);(0.15, 0.88, 0.97);(0.19, 0.86, 0.74);(0.16, 0.85, 0.76);35.54792;355.4292;206.0811;-0.452076;7.579224;0.001214456;True;(0.19, 0.85, 1.44);(0.19, 0.85, 0.94);227.08;4.820007;4820.007
1;False;24;False;True;(0.20, 0.95, 0.80);(0.19, 0.86, 0.94);(-0.04, 1.10, 0.63);(0.19, 0.85, 0.94);(0.22, 0.98, 1.08);(0.17, 0.98, 1.10);(0.20, 0.89, 0.94);(0.15, 0.88, 0.97);(0.19, 0.86, 0.74);(0.16, 0.85, 0.76);37.40212;354.8659;200.8446;1.402122;7.0159;0.001273653;True;(0.19, 0.85, 1.44);(0.19, 0.85, 0.94);233.42;6.339996;6339.996
1;False;25;False;True;(0.19, 0.95, 0.80);(0.19, 0.85, 0.94);(-0.06, 1.11, 0.60);(0.19, 0.85, 0.94);(0.22, 0.98, 1.08);(0.17, 0.98, 1.10);(0.20, 0.89, 0.94);(0.15, 0.88, 0.97);(0.19, 0.86, 0.74);(0.16, 0.85, 0.76);37.46827;356.4791;201.3758;1.468266;8.629059;0.001027764;True;(0.19, 0.85, 1.44);(0.19, 0.85, 0.94);237.86;4.440002;4440.002
1;False;26;False;True;(0.19, 0.96, 0.80);(0.19, 0.85, 0.94);(-0.07, 1.11, 0.60);(0.19, 0.85, 0.94);(0.22, 0.98, 1.08);(0.17, 0.98, 1.10);(0.20, 0.89, 0.94);(0.15, 0.88, 0.97);(0.19, 0.86, 0.74);(0.16, 0.85, 0.76);38.51828;356.3463;200.2698;2.518284;8.496338;0.001993513;True;(0.19, 0.85, 1.44);(0.19, 0.85, 0.94);243.84;5.979996;5979.996
1;False;27;False;True;(0.20, 0.96, 0.81);(0.19, 0.85, 0.94);(-0.06, 1.11, 0.60);(0.19, 0.85, 0.94);(0.22, 0.98, 1.08);(0.17, 0.98, 1.10);(0.20, 0.89, 0.94);(0.15, 0.88, 0.97);(0.19, 0.86, 0.74);(0.16, 0.85, 0.76);41.10398;355.3703;197.7964;5.103977;7.520325;0.003981053;True;(0.19, 0.85, 1.44);(0.19, 0.85, 0.94);248.26;4.419998;4419.998
1;False;28;False;True;(0.21, 0.95, 0.80);(0.19, 0.85, 0.94);(-0.02, 1.10, 0.61);(0.19, 0.85, 0.94);(0.22, 0.98, 1.08);(0.17, 0.98, 1.10);(0.20, 0.89, 0.94);(0.15, 0.88, 0.97);(0.19, 0.86, 0.74);(0.16, 0.85, 0.76);36.66958;352.1447;196.2247;0.6695824;4.294647;0.003649914;True;(0.19, 0.85, 1.44);(0.19, 0.85, 0.94);255.14;6.880005;6880.005
1;False;29;False;True;(0.20, 0.95, 0.80);(0.19, 0.85, 0.94);(-0.01, 1.11, 0.59);(0.19, 0.85, 0.94);(0.22, 0.98, 1.08);(0.17, 0.98, 1.10);(0.20, 0.89, 0.94);(0.15, 0.88, 0.97);(0.19, 0.86, 0.74);(0.16, 0.85, 0.76);37.11946;352.3227;199.0688;1.119465;4.472717;0.001506901;True;(0.19, 0.85, 1.44);(0.19, 0.85, 0.94);261.4;6.259995;6259.995
1;False;30;False;True;(0.20, 0.95, 0.80);(0.19, 0.85, 0.94);(-0.02, 1.11, 0.58);(0.19, 0.85, 0.94);(0.22, 0.98, 1.08);(0.17, 0.98, 1.10);(0.20, 0.89, 0.94);(0.15, 0.88, 0.97);(0.19, 0.86, 0.74);(0.16, 0.85, 0.76);37.08793;355.3463;200.8894;1.087933;7.496338;0.001287696;True;(0.19, 0.85, 1.44);(0.19, 0.85, 0.94);266.36;4.959991;4959.991
1;False;31;False;True;(0.20, 0.95, 0.80);(0.19, 0.85, 0.94);(-0.01, 1.11, 0.59);(0.19, 0.85, 0.94);(0.22, 0.98, 1.08);(0.17, 0.98, 1.10);(0.20, 0.89, 0.94);(0.15, 0.88, 0.97);(0.19, 0.86, 0.74);(0.16, 0.85, 0.76);36.98721;355.494;200.8686;0.9872131;7.644043;0.00456053;False;(0.19, 0.85, 1.44);(0.19, 0.85, 0.94);271.04;4.680023;4680.023
1;False;32;False;False;(0.20, 0.95, 0.80);(0.19, 0.86, 0.94);(-0.06, 1.09, 0.59);(0.19, 0.85, 0.94);(0.22, 0.98, 1.08);(0.17, 0.98, 1.10);(0.20, 0.89, 0.94);(0.15, 0.88, 0.97);(0.19, 0.86, 0.74);(0.16, 0.85, 0.76);36.47292;354.0141;211.9601;0.4729233;6.164063;0.003453053;True;(0.19, 0.85, 1.44);(0.19, 0.85, 0.94);279.9;8.859985;8859.985
1;False;33;False;False;(0.21, 0.96, 0.81);(0.19, 0.86, 0.94);(-0.07, 1.09, 0.59);(0.19, 0.85, 0.94);(0.22, 0.98, 1.08);(0.17, 0.98, 1.10);(0.20, 0.89, 0.94);(0.15, 0.88, 0.97);(0.19, 0.86, 0.74);(0.16, 0.85, 0.76);41.48161;351.9333;208.3596;5.481613;4.083252;0.003777142;True;(0.19, 0.85, 1.44);(0.19, 0.85, 0.94);284.3;4.399994;4399.994
1;False;34;False;False;(0.21, 0.96, 0.81);(0.19, 0.86, 0.94);(-0.07, 1.09, 0.59);(0.19, 0.85, 0.94);(0.22, 0.98, 1.08);(0.17, 0.98, 1.10);(0.20, 0.89, 0.94);(0.15, 0.88, 0.97);(0.19, 0.86, 0.74);(0.16, 0.85, 0.76);40.98538;351.2974;202.7123;4.985382;3.447418;0.001777778;True;(0.19, 0.85, 1.44);(0.19, 0.85, 0.94);289.74;5.440002;5440.002
1;False;35;False;False;(0.21, 0.98, 0.83);(0.19, 0.86, 0.94);(-0.07, 1.09, 0.58);(0.19, 0.85, 0.94);(0.22, 0.98, 1.08);(0.17, 0.98, 1.10);(0.20, 0.89, 0.94);(0.15, 0.88, 0.97);(0.19, 0.86, 0.74);(0.16, 0.85, 0.76);51.66195;349.2461;198.7344;15.66195;1.396057;0.001649365;True;(0.19, 0.85, 1.44);(0.19, 0.85, 0.94);294.6;4.860016;4860.016
1;False;36;False;False;(0.21, 0.99, 0.83);(0.19, 0.86, 0.94);(-0.06, 1.09, 0.57);(0.19, 0.85, 0.94);(0.22, 0.98, 1.08);(0.17, 0.98, 1.10);(0.20, 0.89, 0.94);(0.15, 0.88, 0.97);(0.19, 0.86, 0.74);(0.16, 0.85, 0.76);52.6981;346.7242;201.9199;16.6981;-1.125763;0.001586912;True;(0.19, 0.85, 1.44);(0.19, 0.85, 0.94);299.34;4.73999;4739.99
1;False;37;False;False;(0.21, 0.96, 0.80);(0.19, 0.86, 0.94);(-0.05, 1.09, 0.57);(0.19, 0.85, 0.94);(0.22, 0.98, 1.08);(0.17, 0.98, 1.10);(0.20, 0.89, 0.94);(0.15, 0.88, 0.97);(0.19, 0.86, 0.74);(0.16, 0.85, 0.76);38.49246;349.1961;207.8873;2.492462;1.3461;0.00349168;True;(0.19, 0.85, 1.44);(0.19, 0.85, 0.94);304.84;5.5;5500
1;False;38;False;False;(0.21, 0.96, 0.80);(0.19, 0.86, 0.94);(-0.05, 1.09, 0.58);(0.19, 0.85, 0.94);(0.22, 0.98, 1.08);(0.17, 0.98, 1.10);(0.20, 0.89, 0.94);(0.15, 0.88, 0.97);(0.19, 0.86, 0.74);(0.16, 0.85, 0.76);38.3336;347.8339;200.8701;2.333603;-0.01608276;0.002594089;True;(0.19, 0.85, 1.44);(0.19, 0.85, 0.94);308.56;3.720001;3720.001
1;False;39;False;False;(0.21, 0.94, 0.79);(0.19, 0.86, 0.94);(-0.05, 1.10, 0.57);(0.19, 0.85, 0.94);(0.22, 0.98, 1.08);(0.17, 0.98, 1.10);(0.20, 0.89, 0.94);(0.15, 0.88, 0.97);(0.19, 0.86, 0.74);(0.16, 0.85, 0.76);31.50736;349.8508;203.4776;-4.492638;2.000824;0.003381165;True;(0.19, 0.85, 1.44);(0.19, 0.85, 0.94);313.12;4.559998;4559.998
1;False;40;False;False;(0.22, 0.97, 0.82);(0.19, 0.85, 0.94);(-0.07, 1.10, 0.57);(0.19, 0.85, 0.94);(0.22, 0.98, 1.08);(0.17, 0.98, 1.10);(0.20, 0.89, 0.94);(0.15, 0.88, 0.97);(0.19, 0.86, 0.74);(0.16, 0.85, 0.76);43.82266;341.2255;195.0559;7.822662;-6.624481;0.001456638;True;(0.19, 0.85, 1.44);(0.19, 0.85, 0.94);324.3;11.17999;11179.99
1;False;41;False;False;(0.22, 0.97, 0.82);(0.19, 0.85, 0.94);(-0.05, 1.10, 0.57);(0.19, 0.85, 0.94);(0.22, 0.98, 1.08);(0.17, 0.98, 1.10);(0.20, 0.89, 0.94);(0.15, 0.88, 0.97);(0.19, 0.86, 0.74);(0.16, 0.85, 0.76);46.63943;339.6706;198.3009;10.63943;-8.179443;0.002510742;True;(0.19, 0.85, 1.44);(0.19, 0.85, 0.94);332.38;8.080017;8080.017
1;False;42;False;False;(0.21, 0.97, 0.82);(0.18, 0.85, 0.94);(-0.08, 1.10, 0.55);(0.19, 0.85, 0.94);(0.22, 0.98, 1.08);(0.17, 0.98, 1.10);(0.20, 0.89, 0.94);(0.15, 0.88, 0.97);(0.19, 0.86, 0.74);(0.16, 0.85, 0.76);45.36856;347.0404;203.4911;9.368557;-0.8095703;0.004238436;True;(0.19, 0.85, 1.44);(0.19, 0.85, 0.94);337.94;5.559998;5559.998
