ParticipantNumber; Nurse; Click Counter; Left Handed; Assistance Activated; Controller Position; Pointer Position; Camera Position; Target Position; Calibration Point Position 1; Calibration Point Position 2; Calibration Point Position 3; Calibration Point Position 4; Calibration Point Position 5; Calibration Point Position 6; Syringe angle x; Syringe angle y; Syringe angle z; Angle Offset X ; Angle Offset Y ; Distance b/w Syringe and Insert position; Is Inside; Selection Collider; Recorder Collider; Total Time; Time Seconds; Time Milliseconds; 
4;False;1;False;False;(0.14, 0.81, 0.47);(0.13, 0.70, 0.60);(0.03, 1.08, 0.28);(0.13, 0.70, 0.60);(0.18, 0.82, 0.75);(0.09, 0.83, 0.76);(0.08, 0.70, 0.65);(0.15, 0.68, 0.64);(0.08, 0.67, 0.43);(0.14, 0.67, 0.43);38.94681;356.4395;59.4617;2.946808;8.589539;0.003285235;True;(0.13, 0.70, 1.10);(0.13, 0.70, 0.60);83.72;83.72;83720
4;False;2;False;False;(0.14, 0.80, 0.47);(0.14, 0.69, 0.60);(0.03, 1.07, 0.30);(0.13, 0.70, 0.60);(0.18, 0.82, 0.75);(0.09, 0.83, 0.76);(0.08, 0.70, 0.65);(0.15, 0.68, 0.64);(0.08, 0.67, 0.43);(0.14, 0.67, 0.43);39.70143;356.9041;62.543;3.701431;9.054047;0.01249264;False;(0.13, 0.70, 1.10);(0.13, 0.70, 0.60);90.9;7.18;7180
4;False;3;False;False;(0.14, 0.81, 0.47);(0.13, 0.70, 0.60);(0.03, 1.07, 0.30);(0.13, 0.70, 0.60);(0.18, 0.82, 0.75);(0.09, 0.83, 0.76);(0.08, 0.70, 0.65);(0.15, 0.68, 0.64);(0.08, 0.67, 0.43);(0.14, 0.67, 0.43);38.29807;355.13;59.04914;2.298065;7.280029;0.002558236;True;(0.13, 0.70, 1.10);(0.13, 0.70, 0.60);97.12;6.219994;6219.994
4;False;4;False;False;(0.14, 0.81, 0.47);(0.13, 0.70, 0.60);(0.02, 1.06, 0.30);(0.13, 0.70, 0.60);(0.18, 0.82, 0.75);(0.09, 0.83, 0.76);(0.08, 0.70, 0.65);(0.15, 0.68, 0.64);(0.08, 0.67, 0.43);(0.14, 0.67, 0.43);38.35136;357.0078;61.10496;2.351364;9.157776;0.002559585;True;(0.13, 0.70, 1.10);(0.13, 0.70, 0.60);101.36;4.240005;4240.005
4;False;5;False;False;(0.14, 0.80, 0.46);(0.13, 0.70, 0.60);(0.03, 1.05, 0.30);(0.13, 0.70, 0.60);(0.18, 0.82, 0.75);(0.09, 0.83, 0.76);(0.08, 0.70, 0.65);(0.15, 0.68, 0.64);(0.08, 0.67, 0.43);(0.14, 0.67, 0.43);33.78782;356.0967;54.56876;-2.212181;8.246735;0.004353421;True;(0.13, 0.70, 1.10);(0.13, 0.70, 0.60);115.46;14.1;14100
4;False;6;False;False;(0.14, 0.80, 0.46);(0.13, 0.70, 0.60);(0.03, 1.05, 0.31);(0.13, 0.70, 0.60);(0.18, 0.82, 0.75);(0.09, 0.83, 0.76);(0.08, 0.70, 0.65);(0.15, 0.68, 0.64);(0.08, 0.67, 0.43);(0.14, 0.67, 0.43);33.91409;356.1628;54.9265;-2.085907;8.312744;0.002660467;True;(0.13, 0.70, 1.10);(0.13, 0.70, 0.60);127.52;12.06;12060
4;False;7;False;False;(0.14, 0.79, 0.46);(0.13, 0.70, 0.60);(0.03, 1.08, 0.28);(0.13, 0.70, 0.60);(0.18, 0.82, 0.75);(0.09, 0.83, 0.76);(0.08, 0.70, 0.65);(0.15, 0.68, 0.64);(0.08, 0.67, 0.43);(0.14, 0.67, 0.43);32.03488;355.5168;49.96743;-3.965122;7.66684;0.002025393;True;(0.13, 0.70, 1.10);(0.13, 0.70, 0.60);164.06;36.54;36540
4;False;8;False;False;(0.14, 0.80, 0.46);(0.13, 0.70, 0.60);(0.02, 1.07, 0.29);(0.13, 0.70, 0.60);(0.18, 0.82, 0.75);(0.09, 0.83, 0.76);(0.08, 0.70, 0.65);(0.15, 0.68, 0.64);(0.08, 0.67, 0.43);(0.14, 0.67, 0.43);32.27802;357.0582;48.16709;-3.721981;9.208221;0.002395021;True;(0.13, 0.70, 1.10);(0.13, 0.70, 0.60);174.06;10;10000
4;False;9;False;False;(0.14, 0.79, 0.46);(0.13, 0.69, 0.60);(0.02, 1.07, 0.30);(0.13, 0.70, 0.60);(0.18, 0.82, 0.75);(0.09, 0.83, 0.76);(0.08, 0.70, 0.65);(0.15, 0.68, 0.64);(0.08, 0.67, 0.43);(0.14, 0.67, 0.43);34.18753;357.5456;50.35629;-1.812466;9.695557;0.007918277;False;(0.13, 0.70, 1.10);(0.13, 0.70, 0.60);177.06;3;3000
4;False;10;False;False;(0.14, 0.79, 0.46);(0.13, 0.70, 0.60);(0.02, 1.06, 0.30);(0.13, 0.70, 0.60);(0.18, 0.82, 0.75);(0.09, 0.83, 0.76);(0.08, 0.70, 0.65);(0.15, 0.68, 0.64);(0.08, 0.67, 0.43);(0.14, 0.67, 0.43);33.03149;356.6112;47.45582;-2.96851;8.761169;0.00449167;True;(0.13, 0.70, 1.10);(0.13, 0.70, 0.60);181.14;4.080002;4080.002
4;False;11;False;False;(0.14, 0.81, 0.47);(0.13, 0.70, 0.60);(0.02, 1.08, 0.25);(0.13, 0.70, 0.60);(0.18, 0.82, 0.75);(0.09, 0.83, 0.76);(0.08, 0.70, 0.65);(0.15, 0.68, 0.64);(0.08, 0.67, 0.43);(0.14, 0.67, 0.43);37.02785;356.3392;33.15785;1.027855;8.489197;0.003657257;True;(0.13, 0.70, 1.10);(0.13, 0.70, 0.60);195.26;14.12;14120
4;False;12;False;False;(0.14, 0.81, 0.47);(0.13, 0.70, 0.60);(0.02, 1.07, 0.27);(0.13, 0.70, 0.60);(0.18, 0.82, 0.75);(0.09, 0.83, 0.76);(0.08, 0.70, 0.65);(0.15, 0.68, 0.64);(0.08, 0.67, 0.43);(0.14, 0.67, 0.43);38.14477;357.3725;37.17798;2.144768;9.522491;0.003224445;True;(0.13, 0.70, 1.10);(0.13, 0.70, 0.60);199.26;4;4000
4;False;13;False;False;(0.13, 0.80, 0.46);(0.13, 0.70, 0.60);(0.02, 1.06, 0.28);(0.13, 0.70, 0.60);(0.18, 0.82, 0.75);(0.09, 0.83, 0.76);(0.08, 0.70, 0.65);(0.15, 0.68, 0.64);(0.08, 0.67, 0.43);(0.14, 0.67, 0.43);33.3429;0.7683831;43.21143;-2.657101;12.91838;0.002852799;True;(0.13, 0.70, 1.10);(0.13, 0.70, 0.60);203.26;4;4000
4;False;14;False;False;(0.13, 0.79, 0.46);(0.13, 0.70, 0.60);(0.02, 1.06, 0.28);(0.13, 0.70, 0.60);(0.18, 0.82, 0.75);(0.09, 0.83, 0.76);(0.08, 0.70, 0.65);(0.15, 0.68, 0.64);(0.08, 0.67, 0.43);(0.14, 0.67, 0.43);32.30486;2.102248;46.19162;-3.695137;14.25225;0.002063606;True;(0.13, 0.70, 1.10);(0.13, 0.70, 0.60);207.2;3.940002;3940.002
4;False;15;False;False;(0.12, 0.79, 0.46);(0.14, 0.69, 0.60);(0.02, 1.06, 0.28);(0.13, 0.70, 0.60);(0.18, 0.82, 0.75);(0.09, 0.83, 0.76);(0.08, 0.70, 0.65);(0.15, 0.68, 0.64);(0.08, 0.67, 0.43);(0.14, 0.67, 0.43);33.67132;4.237738;48.19806;-2.328682;16.38774;0.00981262;False;(0.13, 0.70, 1.10);(0.13, 0.70, 0.60);210.98;3.779999;3779.999
4;False;16;False;False;(0.13, 0.79, 0.45);(0.13, 0.70, 0.60);(0.02, 1.05, 0.29);(0.13, 0.70, 0.60);(0.18, 0.82, 0.75);(0.09, 0.83, 0.76);(0.08, 0.70, 0.65);(0.15, 0.68, 0.64);(0.08, 0.67, 0.43);(0.14, 0.67, 0.43);30.5554;3.10271;45.361;-5.444601;15.25271;0.002450824;True;(0.13, 0.70, 1.10);(0.13, 0.70, 0.60);216;5.020004;5020.004
4;False;17;False;False;(0.14, 0.80, 0.46);(0.13, 0.70, 0.60);(0.02, 1.05, 0.30);(0.13, 0.70, 0.60);(0.18, 0.82, 0.75);(0.09, 0.83, 0.76);(0.08, 0.70, 0.65);(0.15, 0.68, 0.64);(0.08, 0.67, 0.43);(0.14, 0.67, 0.43);36.89099;358.8109;36.82711;0.8909874;10.96091;0.002753305;True;(0.13, 0.70, 1.10);(0.13, 0.70, 0.60);220.58;4.580002;4580.002
4;False;18;False;False;(0.13, 0.80, 0.46);(0.14, 0.70, 0.60);(0.02, 1.05, 0.30);(0.13, 0.70, 0.60);(0.18, 0.82, 0.75);(0.09, 0.83, 0.76);(0.08, 0.70, 0.65);(0.15, 0.68, 0.64);(0.08, 0.67, 0.43);(0.14, 0.67, 0.43);36.02133;1.765761;40.44621;0.02132797;13.91576;0.00516002;False;(0.13, 0.70, 1.10);(0.13, 0.70, 0.60);224.06;3.479996;3479.996
4;False;19;False;False;(0.13, 0.80, 0.46);(0.13, 0.70, 0.60);(0.01, 1.04, 0.30);(0.13, 0.70, 0.60);(0.18, 0.82, 0.75);(0.09, 0.83, 0.76);(0.08, 0.70, 0.65);(0.15, 0.68, 0.64);(0.08, 0.67, 0.43);(0.14, 0.67, 0.43);36.59919;1.717851;41.3388;0.5991898;13.86785;0.004199463;True;(0.13, 0.70, 1.10);(0.13, 0.70, 0.60);227.24;3.179993;3179.993
4;False;20;False;False;(0.13, 0.80, 0.46);(0.13, 0.70, 0.60);(0.02, 1.04, 0.30);(0.13, 0.70, 0.60);(0.18, 0.82, 0.75);(0.09, 0.83, 0.76);(0.08, 0.70, 0.65);(0.15, 0.68, 0.64);(0.08, 0.67, 0.43);(0.14, 0.67, 0.43);36.73552;0.146237;39.07381;0.7355156;12.29624;0.002855728;True;(0.13, 0.70, 1.10);(0.13, 0.70, 0.60);230.94;3.700012;3700.012
4;False;21;False;False;(0.13, 0.80, 0.46);(0.13, 0.70, 0.60);(0.02, 1.04, 0.30);(0.13, 0.70, 0.60);(0.18, 0.82, 0.75);(0.09, 0.83, 0.76);(0.08, 0.70, 0.65);(0.15, 0.68, 0.64);(0.08, 0.67, 0.43);(0.14, 0.67, 0.43);34.69515;2.537109;44.02299;-1.304852;14.68711;0.002659596;True;(0.13, 0.70, 1.10);(0.13, 0.70, 0.60);234.36;3.419998;3419.998
4;False;22;False;True;(0.15, 0.80, 0.46);(0.13, 0.70, 0.60);(0.05, 1.05, 0.24);(0.13, 0.70, 0.60);(0.18, 0.82, 0.75);(0.09, 0.83, 0.76);(0.08, 0.70, 0.65);(0.15, 0.68, 0.64);(0.08, 0.67, 0.43);(0.14, 0.67, 0.43);36.69704;350.729;154.717;0.6970406;2.878998;0.002106168;True;(0.13, 0.70, 1.10);(0.13, 0.70, 0.60);386.3;151.94;151940
4;False;23;False;True;(0.15, 0.80, 0.46);(0.13, 0.70, 0.60);(0.04, 1.04, 0.25);(0.13, 0.70, 0.60);(0.18, 0.82, 0.75);(0.09, 0.83, 0.76);(0.08, 0.70, 0.65);(0.15, 0.68, 0.64);(0.08, 0.67, 0.43);(0.14, 0.67, 0.43);36.28583;353.009;156.494;0.2858315;5.159027;0.00400307;True;(0.13, 0.70, 1.10);(0.13, 0.70, 0.60);389.36;3.059998;3059.998
4;False;24;False;True;(0.15, 0.80, 0.46);(0.14, 0.70, 0.60);(0.04, 1.03, 0.26);(0.13, 0.70, 0.60);(0.18, 0.82, 0.75);(0.09, 0.83, 0.76);(0.08, 0.70, 0.65);(0.15, 0.68, 0.64);(0.08, 0.67, 0.43);(0.14, 0.67, 0.43);36.85165;352.5287;156.4027;0.8516464;4.678741;0.005506068;False;(0.13, 0.70, 1.10);(0.13, 0.70, 0.60);391.36;2;2000
4;False;25;False;True;(0.15, 0.80, 0.46);(0.13, 0.70, 0.60);(0.04, 1.03, 0.26);(0.13, 0.70, 0.60);(0.18, 0.82, 0.75);(0.09, 0.83, 0.76);(0.08, 0.70, 0.65);(0.15, 0.68, 0.64);(0.08, 0.67, 0.43);(0.14, 0.67, 0.43);37.80722;350.9057;153.968;1.80722;3.055664;0.003915371;True;(0.13, 0.70, 1.10);(0.13, 0.70, 0.60);398.62;7.26001;7260.01
4;False;26;False;True;(0.14, 0.80, 0.46);(0.13, 0.70, 0.60);(0.03, 1.03, 0.27);(0.13, 0.70, 0.60);(0.18, 0.82, 0.75);(0.09, 0.83, 0.76);(0.08, 0.70, 0.65);(0.15, 0.68, 0.64);(0.08, 0.67, 0.43);(0.14, 0.67, 0.43);37.19548;354.3726;155.798;1.195484;6.522583;0.00192813;True;(0.13, 0.70, 1.10);(0.13, 0.70, 0.60);403.6;4.980011;4980.011
4;False;27;False;True;(0.14, 0.79, 0.46);(0.13, 0.70, 0.60);(0.03, 1.02, 0.27);(0.13, 0.70, 0.60);(0.18, 0.82, 0.75);(0.09, 0.83, 0.76);(0.08, 0.70, 0.65);(0.15, 0.68, 0.64);(0.08, 0.67, 0.43);(0.14, 0.67, 0.43);36.25742;354.3011;158.0734;0.2574196;6.451111;0.004224454;True;(0.13, 0.70, 1.10);(0.13, 0.70, 0.60);407.88;4.279999;4279.999
4;False;28;False;True;(0.14, 0.79, 0.46);(0.13, 0.70, 0.60);(0.03, 1.02, 0.27);(0.13, 0.70, 0.60);(0.18, 0.82, 0.75);(0.09, 0.83, 0.76);(0.08, 0.70, 0.65);(0.15, 0.68, 0.64);(0.08, 0.67, 0.43);(0.14, 0.67, 0.43);35.33056;355.2784;159.1866;-0.6694374;7.428345;0.002770356;True;(0.13, 0.70, 1.10);(0.13, 0.70, 0.60);411.4;3.519989;3519.989
4;False;29;False;True;(0.14, 0.80, 0.46);(0.13, 0.70, 0.60);(0.02, 1.02, 0.27);(0.13, 0.70, 0.60);(0.18, 0.82, 0.75);(0.09, 0.83, 0.76);(0.08, 0.70, 0.65);(0.15, 0.68, 0.64);(0.08, 0.67, 0.43);(0.14, 0.67, 0.43);36.07327;355.9275;160.7424;0.07326508;8.077515;0.002364055;True;(0.13, 0.70, 1.10);(0.13, 0.70, 0.60);416.6;5.199982;5199.981
4;False;30;False;True;(0.14, 0.80, 0.46);(0.13, 0.70, 0.60);(0.02, 1.02, 0.27);(0.13, 0.70, 0.60);(0.18, 0.82, 0.75);(0.09, 0.83, 0.76);(0.08, 0.70, 0.65);(0.15, 0.68, 0.64);(0.08, 0.67, 0.43);(0.14, 0.67, 0.43);36.70675;356.1914;161.3436;0.7067528;8.34137;0.004944545;False;(0.13, 0.70, 1.10);(0.13, 0.70, 0.60);421.62;5.02002;5020.02
4;False;31;False;True;(0.14, 0.79, 0.46);(0.13, 0.70, 0.60);(0.04, 1.01, 0.28);(0.13, 0.70, 0.60);(0.18, 0.82, 0.75);(0.09, 0.83, 0.76);(0.08, 0.70, 0.65);(0.15, 0.68, 0.64);(0.08, 0.67, 0.43);(0.14, 0.67, 0.43);35.71243;355.3672;162.3997;-0.287571;7.517181;0.003697404;True;(0.13, 0.70, 1.10);(0.13, 0.70, 0.60);427.38;5.76001;5760.01
4;False;32;False;True;(0.14, 0.80, 0.46);(0.13, 0.70, 0.60);(0.04, 1.01, 0.28);(0.13, 0.70, 0.60);(0.18, 0.82, 0.75);(0.09, 0.83, 0.76);(0.08, 0.70, 0.65);(0.15, 0.68, 0.64);(0.08, 0.67, 0.43);(0.14, 0.67, 0.43);35.51281;355.1799;162.7364;-0.4871902;7.329926;0.002577426;True;(0.13, 0.70, 1.10);(0.13, 0.70, 0.60);433.6;6.219971;6219.971
