ParticipantNumber; Nurse; Click Counter; Left Handed; Assistance Activated; Controller Position; Pointer Position; Camera Position; Target Position; Calibration Point Position 1; Calibration Point Position 2; Calibration Point Position 3; Calibration Point Position 4; Calibration Point Position 5; Calibration Point Position 6; Syringe angle x; Syringe angle y; Syringe angle z; Angle Offset X ; Angle Offset Y ; Distance b/w Syringe and Insert position; Is Inside; Selection Collider; Recorder Collider; Total Time; Time Seconds; Time Milliseconds; 
7;False;1;False;True;(0.19, 0.82, 0.32);(0.16, 0.72, 0.45);(0.09, 1.11, 0.06);(0.16, 0.72, 0.45);(0.20, 0.85, 0.61);(0.14, 0.85, 0.61);(0.11, 0.70, 0.52);(0.17, 0.69, 0.52);(0.12, 0.67, 0.28);(0.16, 0.66, 0.29);34.14018;349.8309;36.42093;-1.859818;1.980865;0.001207887;True;(0.16, 0.72, 0.95);(0.16, 0.72, 0.45);70.38;70.38;70380
7;False;2;False;True;(0.18, 0.83, 0.33);(0.16, 0.72, 0.45);(0.07, 1.10, 0.08);(0.16, 0.72, 0.45);(0.20, 0.85, 0.61);(0.14, 0.85, 0.61);(0.11, 0.70, 0.52);(0.17, 0.69, 0.52);(0.12, 0.67, 0.28);(0.16, 0.66, 0.29);39.39441;352.9733;35.45528;3.394413;5.12326;0.0006408534;True;(0.16, 0.72, 0.95);(0.16, 0.72, 0.45);92.56;22.18;22180
7;False;3;False;True;(0.18, 0.83, 0.32);(0.16, 0.72, 0.45);(0.07, 1.09, 0.11);(0.16, 0.72, 0.45);(0.20, 0.85, 0.61);(0.14, 0.85, 0.61);(0.11, 0.70, 0.52);(0.17, 0.69, 0.52);(0.12, 0.67, 0.28);(0.16, 0.66, 0.29);36.80556;355.2023;39.77729;0.8055573;7.352325;0.001441316;True;(0.16, 0.72, 0.95);(0.16, 0.72, 0.45);101.44;8.879997;8879.997
7;False;4;False;True;(0.18, 0.83, 0.32);(0.16, 0.72, 0.45);(0.08, 1.10, 0.10);(0.16, 0.72, 0.45);(0.20, 0.85, 0.61);(0.14, 0.85, 0.61);(0.11, 0.70, 0.52);(0.17, 0.69, 0.52);(0.12, 0.67, 0.28);(0.16, 0.66, 0.29);37.05917;354.9718;39.50765;1.05917;7.121826;0.0009639548;True;(0.16, 0.72, 0.95);(0.16, 0.72, 0.45);108.32;6.880005;6880.005
7;False;5;False;True;(0.18, 0.82, 0.31);(0.16, 0.72, 0.45);(0.07, 1.12, 0.09);(0.16, 0.72, 0.45);(0.20, 0.85, 0.61);(0.14, 0.85, 0.61);(0.11, 0.70, 0.52);(0.17, 0.69, 0.52);(0.12, 0.67, 0.28);(0.16, 0.66, 0.29);31.24489;352.9703;36.40451;-4.755112;5.120331;0.001475598;True;(0.16, 0.72, 0.95);(0.16, 0.72, 0.45);130.18;21.85999;21859.99
7;False;6;False;True;(0.18, 0.83, 0.32);(0.16, 0.72, 0.45);(0.07, 1.11, 0.11);(0.16, 0.72, 0.45);(0.20, 0.85, 0.61);(0.14, 0.85, 0.61);(0.11, 0.70, 0.52);(0.17, 0.69, 0.52);(0.12, 0.67, 0.28);(0.16, 0.66, 0.29);37.89185;353.0859;34.70119;1.891846;5.235901;0.0006215275;True;(0.16, 0.72, 0.95);(0.16, 0.72, 0.45);141.36;11.18001;11180.01
7;False;7;False;True;(0.20, 0.82, 0.32);(0.17, 0.72, 0.45);(0.07, 1.11, 0.10);(0.16, 0.72, 0.45);(0.20, 0.85, 0.61);(0.14, 0.85, 0.61);(0.11, 0.70, 0.52);(0.17, 0.69, 0.52);(0.12, 0.67, 0.28);(0.16, 0.66, 0.29);36.23108;348.1599;8.359001;0.2310791;0.3099365;0.004094579;True;(0.16, 0.72, 0.95);(0.16, 0.72, 0.45);156.04;14.67999;14679.99
7;False;8;False;True;(0.20, 0.82, 0.32);(0.16, 0.72, 0.45);(0.06, 1.11, 0.10);(0.16, 0.72, 0.45);(0.20, 0.85, 0.61);(0.14, 0.85, 0.61);(0.11, 0.70, 0.52);(0.17, 0.69, 0.52);(0.12, 0.67, 0.28);(0.16, 0.66, 0.29);33.98503;347.9984;8.37411;-2.014965;0.148407;0.001443599;True;(0.16, 0.72, 0.95);(0.16, 0.72, 0.45);165.24;9.199997;9199.997
7;False;9;False;True;(0.20, 0.83, 0.33);(0.16, 0.72, 0.45);(0.06, 1.11, 0.11);(0.16, 0.72, 0.45);(0.20, 0.85, 0.61);(0.14, 0.85, 0.61);(0.11, 0.70, 0.52);(0.17, 0.69, 0.52);(0.12, 0.67, 0.28);(0.16, 0.66, 0.29);37.95422;347.6198;5.008832;1.954224;-0.2302551;0.001442483;True;(0.16, 0.72, 0.95);(0.16, 0.72, 0.45);172.28;7.040009;7040.009
7;False;10;False;True;(0.20, 0.82, 0.32);(0.17, 0.72, 0.45);(0.06, 1.10, 0.12);(0.16, 0.72, 0.45);(0.20, 0.85, 0.61);(0.14, 0.85, 0.61);(0.11, 0.70, 0.52);(0.17, 0.69, 0.52);(0.12, 0.67, 0.28);(0.16, 0.66, 0.29);36.1901;346.9495;4.050988;0.1901016;-0.9005432;0.002647355;True;(0.16, 0.72, 0.95);(0.16, 0.72, 0.45);179;6.720001;6720.001
7;False;11;False;True;(0.19, 0.83, 0.33);(0.16, 0.72, 0.45);(0.06, 1.11, 0.09);(0.16, 0.72, 0.45);(0.20, 0.85, 0.61);(0.14, 0.85, 0.61);(0.11, 0.70, 0.52);(0.17, 0.69, 0.52);(0.12, 0.67, 0.28);(0.16, 0.66, 0.29);38.47887;350.468;4.690045;2.478867;2.618042;0.0006141046;True;(0.16, 0.72, 0.95);(0.16, 0.72, 0.45);201.2;22.2;22200
7;False;12;False;True;(0.19, 0.82, 0.32);(0.16, 0.72, 0.45);(0.07, 1.12, 0.09);(0.16, 0.72, 0.45);(0.20, 0.85, 0.61);(0.14, 0.85, 0.61);(0.11, 0.70, 0.52);(0.17, 0.69, 0.52);(0.12, 0.67, 0.28);(0.16, 0.66, 0.29);34.74961;352.0548;4.794919;-1.250389;4.204834;0.0008476702;True;(0.16, 0.72, 0.95);(0.16, 0.72, 0.45);207.86;6.660004;6660.004
7;False;13;False;True;(0.19, 0.83, 0.32);(0.16, 0.72, 0.45);(0.06, 1.12, 0.10);(0.16, 0.72, 0.45);(0.20, 0.85, 0.61);(0.14, 0.85, 0.61);(0.11, 0.70, 0.52);(0.17, 0.69, 0.52);(0.12, 0.67, 0.28);(0.16, 0.66, 0.29);36.8483;349.3561;5.032501;0.8483047;1.506073;0.0007892035;True;(0.16, 0.72, 0.95);(0.16, 0.72, 0.45);215.64;7.779999;7779.999
7;False;14;False;True;(0.19, 0.83, 0.32);(0.16, 0.72, 0.45);(0.07, 1.12, 0.11);(0.16, 0.72, 0.45);(0.20, 0.85, 0.61);(0.14, 0.85, 0.61);(0.11, 0.70, 0.52);(0.17, 0.69, 0.52);(0.12, 0.67, 0.28);(0.16, 0.66, 0.29);37.17272;350.3306;5.508932;1.172718;2.480621;0.0006351529;True;(0.16, 0.72, 0.95);(0.16, 0.72, 0.45);223.16;7.519989;7519.989
7;False;15;False;True;(0.19, 0.83, 0.32);(0.16, 0.72, 0.45);(0.07, 1.12, 0.10);(0.16, 0.72, 0.45);(0.20, 0.85, 0.61);(0.14, 0.85, 0.61);(0.11, 0.70, 0.52);(0.17, 0.69, 0.52);(0.12, 0.67, 0.28);(0.16, 0.66, 0.29);36.22749;349.5641;3.928959;0.2274933;1.71405;0.0009707583;True;(0.16, 0.72, 0.95);(0.16, 0.72, 0.45);230.18;7.020004;7020.004
7;False;16;False;True;(0.19, 0.83, 0.33);(0.16, 0.72, 0.45);(0.06, 1.12, 0.11);(0.16, 0.72, 0.45);(0.20, 0.85, 0.61);(0.14, 0.85, 0.61);(0.11, 0.70, 0.52);(0.17, 0.69, 0.52);(0.12, 0.67, 0.28);(0.16, 0.66, 0.29);39.021;350.2803;4.68838;3.021004;2.430328;0.0008294471;True;(0.16, 0.72, 0.95);(0.16, 0.72, 0.45);238.12;7.940002;7940.002
7;False;17;False;True;(0.19, 0.83, 0.33);(0.16, 0.72, 0.45);(0.06, 1.12, 0.09);(0.16, 0.72, 0.45);(0.20, 0.85, 0.61);(0.14, 0.85, 0.61);(0.11, 0.70, 0.52);(0.17, 0.69, 0.52);(0.12, 0.67, 0.28);(0.16, 0.66, 0.29);39.27183;351.396;4.509191;3.271832;3.546021;0.00158355;True;(0.16, 0.72, 0.95);(0.16, 0.72, 0.45);244.9;6.779999;6779.999
7;False;18;False;True;(0.19, 0.83, 0.33);(0.16, 0.72, 0.45);(0.06, 1.12, 0.10);(0.16, 0.72, 0.45);(0.20, 0.85, 0.61);(0.14, 0.85, 0.61);(0.11, 0.70, 0.52);(0.17, 0.69, 0.52);(0.12, 0.67, 0.28);(0.16, 0.66, 0.29);38.48066;350.4032;3.531975;2.480663;2.553192;0.001647209;True;(0.16, 0.72, 0.95);(0.16, 0.72, 0.45);251.38;6.479996;6479.996
7;False;19;False;True;(0.19, 0.83, 0.32);(0.16, 0.72, 0.45);(0.06, 1.12, 0.10);(0.16, 0.72, 0.45);(0.20, 0.85, 0.61);(0.14, 0.85, 0.61);(0.11, 0.70, 0.52);(0.17, 0.69, 0.52);(0.12, 0.67, 0.28);(0.16, 0.66, 0.29);36.47233;351.3797;6.620026;0.4723282;3.529724;0.0008526766;True;(0.16, 0.72, 0.95);(0.16, 0.72, 0.45);258.18;6.800003;6800.003
7;False;20;False;True;(0.19, 0.83, 0.32);(0.16, 0.72, 0.45);(0.06, 1.12, 0.11);(0.16, 0.72, 0.45);(0.20, 0.85, 0.61);(0.14, 0.85, 0.61);(0.11, 0.70, 0.52);(0.17, 0.69, 0.52);(0.12, 0.67, 0.28);(0.16, 0.66, 0.29);37.09886;352.1799;6.586143;1.098858;4.329926;0.0008055519;True;(0.16, 0.72, 0.95);(0.16, 0.72, 0.45);265.86;7.679993;7679.993
7;False;21;False;True;(0.18, 0.83, 0.32);(0.16, 0.72, 0.45);(0.05, 1.11, 0.12);(0.16, 0.72, 0.45);(0.20, 0.85, 0.61);(0.14, 0.85, 0.61);(0.11, 0.70, 0.52);(0.17, 0.69, 0.52);(0.12, 0.67, 0.28);(0.16, 0.66, 0.29);37.09177;352.4434;8.046616;1.091774;4.593384;0.001174662;True;(0.16, 0.72, 0.95);(0.16, 0.72, 0.45);272.88;7.02002;7020.02
7;False;22;False;False;(0.18, 0.83, 0.32);(0.16, 0.72, 0.45);(0.06, 1.10, 0.08);(0.16, 0.72, 0.45);(0.20, 0.85, 0.61);(0.14, 0.85, 0.61);(0.11, 0.70, 0.52);(0.17, 0.69, 0.52);(0.12, 0.67, 0.28);(0.16, 0.66, 0.29);38.31776;353.2005;354.9861;2.317757;5.350464;0.00202953;True;(0.16, 0.72, 0.95);(0.16, 0.72, 0.45);447.12;174.24;174240
7;False;23;False;False;(0.17, 0.83, 0.32);(0.16, 0.72, 0.45);(0.04, 1.12, 0.06);(0.16, 0.72, 0.45);(0.20, 0.85, 0.61);(0.14, 0.85, 0.61);(0.11, 0.70, 0.52);(0.17, 0.69, 0.52);(0.12, 0.67, 0.28);(0.16, 0.66, 0.29);37.32617;358.1949;2.012764;1.326172;10.34494;0.0007138142;True;(0.16, 0.72, 0.95);(0.16, 0.72, 0.45);461.7;14.57999;14579.99
7;False;24;False;False;(0.17, 0.83, 0.32);(0.16, 0.72, 0.45);(0.03, 1.12, 0.07);(0.16, 0.72, 0.45);(0.20, 0.85, 0.61);(0.14, 0.85, 0.61);(0.11, 0.70, 0.52);(0.17, 0.69, 0.52);(0.12, 0.67, 0.28);(0.16, 0.66, 0.29);36.63871;358.1823;4.645874;0.63871;10.33224;0.001110591;True;(0.16, 0.72, 0.95);(0.16, 0.72, 0.45);469.74;8.040009;8040.009
7;False;25;False;False;(0.17, 0.82, 0.32);(0.16, 0.72, 0.45);(0.03, 1.12, 0.07);(0.16, 0.72, 0.45);(0.20, 0.85, 0.61);(0.14, 0.85, 0.61);(0.11, 0.70, 0.52);(0.17, 0.69, 0.52);(0.12, 0.67, 0.28);(0.16, 0.66, 0.29);35.59041;357.1592;3.61315;-0.4095917;9.309174;0.0008985622;True;(0.16, 0.72, 0.95);(0.16, 0.72, 0.45);477.08;7.339996;7339.996
7;False;26;False;False;(0.17, 0.83, 0.32);(0.16, 0.72, 0.45);(0.03, 1.12, 0.07);(0.16, 0.72, 0.45);(0.20, 0.85, 0.61);(0.14, 0.85, 0.61);(0.11, 0.70, 0.52);(0.17, 0.69, 0.52);(0.12, 0.67, 0.28);(0.16, 0.66, 0.29);35.94152;358.7978;5.33151;-0.05848312;10.94775;0.0008087956;True;(0.16, 0.72, 0.95);(0.16, 0.72, 0.45);484.48;7.399994;7399.994
7;False;27;False;False;(0.17, 0.83, 0.33);(0.16, 0.72, 0.45);(0.02, 1.12, 0.07);(0.16, 0.72, 0.45);(0.20, 0.85, 0.61);(0.14, 0.85, 0.61);(0.11, 0.70, 0.52);(0.17, 0.69, 0.52);(0.12, 0.67, 0.28);(0.16, 0.66, 0.29);39.87299;359.2172;7.33975;3.87299;11.36716;0.001108933;True;(0.16, 0.72, 0.95);(0.16, 0.72, 0.45);490.54;6.059998;6059.998
7;False;28;False;False;(0.17, 0.83, 0.32);(0.16, 0.72, 0.45);(0.02, 1.12, 0.07);(0.16, 0.72, 0.45);(0.20, 0.85, 0.61);(0.14, 0.85, 0.61);(0.11, 0.70, 0.52);(0.17, 0.69, 0.52);(0.12, 0.67, 0.28);(0.16, 0.66, 0.29);36.14853;359.5804;7.054936;0.1485329;11.73041;0.0008840563;True;(0.16, 0.72, 0.95);(0.16, 0.72, 0.45);498.58;8.040009;8040.009
7;False;29;False;False;(0.17, 0.83, 0.32);(0.16, 0.72, 0.45);(0.03, 1.12, 0.08);(0.16, 0.72, 0.45);(0.20, 0.85, 0.61);(0.14, 0.85, 0.61);(0.11, 0.70, 0.52);(0.17, 0.69, 0.52);(0.12, 0.67, 0.28);(0.16, 0.66, 0.29);36.41576;359.4757;6.306007;0.4157639;11.62567;0.001013361;True;(0.16, 0.72, 0.95);(0.16, 0.72, 0.45);506;7.420013;7420.014
7;False;30;False;False;(0.17, 0.82, 0.32);(0.16, 0.72, 0.45);(0.03, 1.12, 0.08);(0.16, 0.72, 0.45);(0.20, 0.85, 0.61);(0.14, 0.85, 0.61);(0.11, 0.70, 0.52);(0.17, 0.69, 0.52);(0.12, 0.67, 0.28);(0.16, 0.66, 0.29);35.14438;358.751;8.171513;-0.8556175;10.901;0.00127656;True;(0.16, 0.72, 0.95);(0.16, 0.72, 0.45);512.88;6.880005;6880.005
7;False;31;False;False;(0.17, 0.83, 0.32);(0.16, 0.72, 0.45);(0.03, 1.11, 0.08);(0.16, 0.72, 0.45);(0.20, 0.85, 0.61);(0.14, 0.85, 0.61);(0.11, 0.70, 0.52);(0.17, 0.69, 0.52);(0.12, 0.67, 0.28);(0.16, 0.66, 0.29);37.26931;358.9468;7.741456;1.26931;11.0968;0.001438193;True;(0.16, 0.72, 0.95);(0.16, 0.72, 0.45);519.74;6.859985;6859.985
7;False;32;False;False;(0.17, 0.83, 0.32);(0.16, 0.72, 0.45);(0.03, 1.11, 0.08);(0.16, 0.72, 0.45);(0.20, 0.85, 0.61);(0.14, 0.85, 0.61);(0.11, 0.70, 0.52);(0.17, 0.69, 0.52);(0.12, 0.67, 0.28);(0.16, 0.66, 0.29);36.9719;357.377;7.779552;0.9719009;9.527008;0.001830163;True;(0.16, 0.72, 0.95);(0.16, 0.72, 0.45);526.32;6.580017;6580.017
